[[-1.19381, -1.63423, 3.38998, 0.06667],
[-1.40393, -1.58557, 3.38998, 0.06362],
[-1.60374, -1.52396, 3.38998, 0.06168],
[-1.7951, -1.4475, 3.38998, 0.06079],
[-1.9792, -1.35349, 3.38998, 0.06098],
[-2.15641, -1.23805, 3.38998, 0.06239],
[-2.32557, -1.0958, 3.42618, 0.06451],
[-2.48561, -0.92693, 3.23556, 0.07191],
[-2.63289, -0.72819, 3.07196, 0.08052],
[-2.76153, -0.49656, 2.93085, 0.0904],
[-2.86298, -0.23024, 2.79721, 0.10188],
[-2.92581, 0.06809, 2.56464, 0.11888],
[-2.93872, 0.34846, 2.56464, 0.10944],
[-2.90693, 0.60818, 2.56464, 0.10203],
[-2.83449, 0.84516, 2.56464, 0.09662],
[-2.72414, 1.05701, 2.56464, 0.09314],
[-2.57727, 1.24, 2.56464, 0.09149],
[-2.39209, 1.3846, 2.6866, 0.08745],
[-2.17704, 1.48853, 2.82239, 0.08463],
[-1.94003, 1.54992, 2.9781, 0.08221],
[-1.68882, 1.56804, 3.15914, 0.07972],
[-1.43074, 1.54374, 3.37554, 0.07679],
[-1.17212, 1.47955, 3.63963, 0.07321],
[-0.91777, 1.37937, 3.97637, 0.06875],
[-0.67076, 1.24811, 4.0, 0.06993],
[-0.43248, 1.09106, 4.0, 0.07134],
[-0.20283, 0.9138, 4.0, 0.07253],
[0.03588, 0.74949, 4.0, 0.07245],
[0.2813, 0.59932, 4.0, 0.07193],
[0.53317, 0.46303, 3.93478, 0.07278],
[0.79132, 0.34046, 3.14852, 0.09076],
[1.05562, 0.23162, 2.69736, 0.10597],
[1.32604, 0.13665, 2.39429, 0.11971],
[1.60257, 0.05582, 2.17359, 0.13255],
[1.87019, -0.00717, 2.0, 0.13746],
[2.11422, -0.09426, 2.0, 0.12955],
[2.32407, -0.2105, 2.0, 0.11995],
[2.49194, -0.35521, 2.0, 0.11082],
[2.61172, -0.52413, 2.0, 0.10354],
[2.67742, -0.71065, 2.0, 0.09888],
[2.68132, -0.90518, 2.07303, 0.09386],
[2.62887, -1.09629, 2.07303, 0.0956],
[2.51507, -1.27164, 2.42285, 0.08628],
[2.35287, -1.42472, 2.64836, 0.08421],
[2.14656, -1.54897, 2.94341, 0.08182],
[1.90203, -1.63947, 3.36306, 0.07753],
[1.62769, -1.69499, 4.0, 0.06997],
[1.33365, -1.71995, 4.0, 0.07377],
[1.02938, -1.72495, 4.0, 0.07608],
[0.7216, -1.7247, 4.0, 0.07695],
[0.41382, -1.72485, 4.0, 0.07695],
[0.10603, -1.72531, 4.0, 0.07695],
[-0.19362, -1.72315, 4.0, 0.07491],
[-0.47375, -1.71468, 4.0, 0.07007],
[-0.732, -1.69778, 3.81209, 0.06789],
[-0.97087, -1.67129, 3.58601, 0.06702]]